1 PINHOLE 3024 4032 3024.0 3024.0 1512.0 2016.0
2 PINHOLE 4000 6000 4000.0001192092896 4000.0001192092896 2000.0 3000.0
3 PINHOLE 3024 4032 3136.0000534057617 3136.0000534057617 1512.0 2016.0
4 PINHOLE 3072 4080 2720.000081062317 2720.000081062317 1536.0 2040.0
5 PINHOLE 4080 3072 2720.0000610351562 2720.0000610351562 2040.0 1536.0
6 PINHOLE 4032 3024 3135.999933242798 3135.999933242798 2016.0 1512.0
7 PINHOLE 3024 4032 2688.0000801086426 2688.0000801086426 1512.0 2016.0
8 PINHOLE 3024 4032 3248.0001068115234 3248.0001068115234 1512.0 2016.0
9 PINHOLE 3456 5184 6255.561058044434 6255.561058044434 1728.0 2592.0
10 PINHOLE 4032 3024 3024.0 3024.0 2016.0 1512.0
11 PINHOLE 3456 5184 4170.374038696289 4170.374038696289 1728.0 2592.0
12 PINHOLE 3456 5184 8340.748077392578 8340.748077392578 1728.0 2592.0
13 PINHOLE 3456 5184 6950.623397827148 6950.623397827148 1728.0 2592.0
14 PINHOLE 3456 5184 9035.810417175293 9035.810417175293 1728.0 2592.0
15 PINHOLE 3456 5184 4865.436378479004 4865.436378479004 1728.0 2592.0
16 PINHOLE 3456 5184 5560.498718261719 5560.498718261719 1728.0 2592.0
17 PINHOLE 3456 5184 5328.810859680176 5328.810859680176 1728.0 2592.0
18 PINHOLE 3456 5184 9962.559997558596 9962.559997558596 1728.0 2592.0
19 PINHOLE 3456 5184 6718.9355392456055 6718.9355392456055 1728.0 2592.0
20 PINHOLE 3456 5184 7645.685737609863 7645.685737609863 1728.0 2592.0
21 PINHOLE 3456 5184 4633.748828887939 4633.748828887939 1728.0 2592.0
22 PINHOLE 3456 5184 8109.060218811035 8109.060218811035 1728.0 2592.0
23 PINHOLE 3456 5184 7413.99787902832 7413.99787902832 1728.0 2592.0
24 PINHOLE 3456 5184 8572.435317993164 8572.435317993164 1728.0 2592.0
25 PINHOLE 3456 5184 6487.2482986450195 6487.2482986450195 1728.0 2592.0
26 PINHOLE 3456 5184 11352.684677124023 11352.684677124023 1728.0 2592.0
27 PINHOLE 3456 5184 5792.185958862305 5792.185958862305 1728.0 2592.0
28 PINHOLE 3024 4032 3110.4000549316406 3110.4000549316406 1512.0 2016.0
29 PINHOLE 4000 6000 9428.571224212646 9428.571224212646 2000.0 3000.0
30 PINHOLE 4000 6000 6342.857122421265 6342.857122421265 2000.0 3000.0
31 PINHOLE 4000 6000 4114.2858266830435 4114.2858266830435 2000.0 3000.0
32 PINHOLE 3024 4032 3225.6000480651855 3225.6000480651855 1512.0 2016.0
33 PINHOLE 4000 6000 6685.714244842529 6685.714244842529 2000.0 3000.0
34 PINHOLE 4000 6000 4628.571510314941 4628.571510314941 2000.0 3000.0
35 PINHOLE 4000 6000 12857.142448425295 12857.142448425295 2000.0 3000.0
36 PINHOLE 4000 6000 5828.571438789367 5828.571438789367 2000.0 3000.0
37 PINHOLE 4000 6000 7885.714530944824 7885.714530944824 2000.0 3000.0
38 PINHOLE 4000 6000 5314.285755157471 5314.285755157471 2000.0 3000.0
39 PINHOLE 4000 6000 7200.000286102296 7200.000286102296 2000.0 3000.0
40 PINHOLE 4000 6000 9771.428346633913 9771.428346633913 2000.0 3000.0
41 PINHOLE 4000 6000 7371.428489685059 7371.428489685059 2000.0 3000.0
42 PINHOLE 4000 6000 6171.428918838501 6171.428918838501 2000.0 3000.0
43 PINHOLE 4032 3024 3225.6001682281494 3225.6001682281494 2016.0 1512.0
44 PINHOLE 4032 3024 3110.4001750946045 3110.4001750946045 2016.0 1512.0
45 PINHOLE 4000 6000 9257.143020629885 9257.143020629885 2000.0 3000.0
46 PINHOLE 4000 6000 4800.000071525574 4800.000071525574 2000.0 3000.0
47 PINHOLE 4000 6000 8228.571653366089 8228.571653366089 2000.0 3000.0
48 PINHOLE 3456 5184 7877.372978210449 7877.372978210449 1728.0 2592.0
49 PINHOLE 3456 5184 9730.872756958008 9730.872756958008 1728.0 2592.0
50 PINHOLE 3456 5184 9267.497657775879 9267.497657775879 1728.0 2592.0
51 PINHOLE 4000 6000 7666.666746139526 7666.666746139526 2000.0 3000.0
52 PINHOLE 3456 5184 9499.184898376465 9499.184898376465 1728.0 2592.0
53 PINHOLE 4000 6000 11828.571081161499 11828.571081161499 2000.0 3000.0
54 PINHOLE 4000 6000 8742.856979370115 8742.856979370115 2000.0 3000.0
55 PINHOLE 4000 6000 6857.14316368103 6857.14316368103 2000.0 3000.0
56 PINHOLE 2912 5184 6829.837165832519 6829.837165832519 1456.0 2592.0
57 PINHOLE 4000 6000 12514.286041259766 12514.286041259766 2000.0 3000.0
58 PINHOLE 4000 6000 7714.285612106323 7714.285612106323 2000.0 3000.0
59 PINHOLE 6336 9504 11351.99974822998 11351.99974822998 3168.0 4752.0
60 PINHOLE 6336 9504 11087.99962234497 11087.99962234497 3168.0 4752.0
61 PINHOLE 6336 9504 12936.000503540039 12936.000503540039 3168.0 4752.0
62 PINHOLE 6336 9504 13199.999496459961 13199.999496459961 3168.0 4752.0
63 PINHOLE 4032 3024 3247.9998664855957 3247.9998664855957 2016.0 1512.0
64 PINHOLE 4000 6000 5500.00011920929 5500.00011920929 2000.0 3000.0
65 PINHOLE 4000 6000 6999.999761581421 6999.999761581421 2000.0 3000.0
66 PINHOLE 4000 6000 6166.666746139526 6166.666746139526 2000.0 3000.0
67 PINHOLE 4000 6000 6500.000238418579 6500.000238418579 2000.0 3000.0
68 PINHOLE 4000 6000 5166.666626930237 5166.666626930237 2000.0 3000.0
69 PINHOLE 4000 6000 9000.0 9000.0 2000.0 3000.0
70 PINHOLE 4000 6000 5666.666507720947 5666.666507720947 2000.0 3000.0
71 PINHOLE 4000 6000 8914.285898208618 8914.285898208618 2000.0 3000.0
72 PINHOLE 3456 5184 10425.934478759766 10425.934478759766 1728.0 2592.0
73 PINHOLE 4000 6000 5142.857193946838 5142.857193946838 2000.0 3000.0
74 PINHOLE 4000 6000 5657.142877578734 5657.142877578734 2000.0 3000.0
